9.789999999999999813e-01 1.390000000000000124e-01 1.239999999999999991e-01
6.079999999999999849e-01 6.139999999999999902e-01 2.320000000000000118e-01
5.350000000000000311e-01 6.760000000000000453e-01 2.449999999999999956e-01
9.599999999999999645e-01 3.840000000000000080e-01 3.479999999999999760e-01
9.719999999999999751e-01 2.340000000000000135e-01 2.109999999999999931e-01
9.579999999999999627e-01 2.089999999999999913e-01 1.719999999999999862e-01
9.849999999999999867e-01 1.340000000000000080e-01 1.229999999999999982e-01
9.449999999999999512e-01 5.370000000000000329e-01 4.859999999999999876e-01
9.619999999999999662e-01 2.459999999999999964e-01 2.139999999999999958e-01
9.829999999999999849e-01 1.749999999999999889e-01 1.610000000000000042e-01
9.659999999999999698e-01 3.180000000000000049e-01 2.879999999999999782e-01
9.789999999999999813e-01 1.990000000000000102e-01 1.789999999999999925e-01
9.809999999999999831e-01 1.910000000000000031e-01 1.749999999999999889e-01
9.659999999999999698e-01 3.170000000000000040e-01 2.869999999999999774e-01
9.779999999999999805e-01 1.459999999999999909e-01 1.300000000000000044e-01
9.799999999999999822e-01 1.449999999999999900e-01 1.300000000000000044e-01
9.260000000000000453e-01 5.450000000000000400e-01 4.769999999999999796e-01
9.060000000000000275e-01 6.380000000000000115e-01 5.470000000000000417e-01
9.040000000000000258e-01 6.400000000000000133e-01 5.470000000000000417e-01
9.040000000000000258e-01 6.410000000000000142e-01 5.480000000000000426e-01
7.409999999999999920e-01 6.089999999999999858e-01 3.619999999999999885e-01
7.489999999999999991e-01 6.079999999999999849e-01 3.679999999999999938e-01
9.060000000000000275e-01 6.310000000000000053e-01 5.420000000000000373e-01
9.419999999999999485e-01 5.669999999999999485e-01 5.090000000000000080e-01
6.099999999999999867e-01 6.730000000000000426e-01 3.019999999999999907e-01
8.359999999999999654e-01 6.560000000000000275e-01 5.030000000000000027e-01
7.049999999999999600e-01 6.740000000000000435e-01 4.010000000000000231e-01
9.370000000000000551e-01 5.060000000000000053e-01 4.450000000000000067e-01
9.320000000000000506e-01 5.849999999999999645e-01 5.220000000000000195e-01
7.790000000000000258e-01 6.730000000000000426e-01 4.650000000000000244e-01
9.050000000000000266e-01 6.400000000000000133e-01 5.490000000000000435e-01
9.080000000000000293e-01 6.380000000000000115e-01 5.480000000000000426e-01
9.120000000000000329e-01 6.370000000000000107e-01 5.510000000000000453e-01
9.070000000000000284e-01 6.300000000000000044e-01 5.400000000000000355e-01
5.779999999999999583e-01 6.720000000000000417e-01 2.710000000000000187e-01
9.000000000000000222e-01 6.430000000000000160e-01 5.460000000000000409e-01
6.219999999999999973e-01 6.760000000000000453e-01 3.210000000000000075e-01
9.779999999999999805e-01 2.089999999999999913e-01 1.890000000000000013e-01
9.569999999999999618e-01 4.660000000000000253e-01 4.259999999999999898e-01
9.060000000000000275e-01 6.430000000000000160e-01 5.490000000000000435e-01
9.120000000000000329e-01 6.380000000000000115e-01 5.510000000000000453e-01
9.030000000000000249e-01 6.380000000000000115e-01 5.430000000000000382e-01
9.080000000000000293e-01 6.390000000000000124e-01 5.490000000000000435e-01
9.130000000000000338e-01 6.370000000000000107e-01 5.520000000000000462e-01
9.120000000000000329e-01 6.199999999999999956e-01 5.340000000000000302e-01
9.719999999999999751e-01 1.759999999999999898e-01 1.509999999999999953e-01
9.739999999999999769e-01 1.660000000000000087e-01 1.449999999999999900e-01
9.539999999999999591e-01 2.949999999999999845e-01 2.550000000000000044e-01
9.709999999999999742e-01 1.729999999999999871e-01 1.479999999999999927e-01
9.599999999999999645e-01 1.839999999999999969e-01 1.549999999999999989e-01
9.869999999999999885e-01 1.189999999999999947e-01 1.089999999999999997e-01
9.539999999999999591e-01 3.049999999999999933e-01 2.630000000000000115e-01
9.579999999999999627e-01 4.480000000000000093e-01 4.099999999999999756e-01
5.440000000000000391e-01 6.760000000000000453e-01 2.530000000000000027e-01
6.610000000000000320e-01 6.760000000000000453e-01 3.589999999999999858e-01
6.770000000000000462e-01 6.750000000000000444e-01 3.750000000000000000e-01
5.909999999999999698e-01 6.720000000000000417e-01 2.949999999999999845e-01
9.220000000000000417e-01 5.709999999999999520e-01 4.969999999999999973e-01
7.229999999999999760e-01 5.819999999999999618e-01 3.099999999999999978e-01
7.319999999999999840e-01 5.849999999999999645e-01 3.240000000000000102e-01
7.309999999999999831e-01 5.849999999999999645e-01 3.230000000000000093e-01
7.109999999999999654e-01 5.659999999999999476e-01 2.849999999999999756e-01
7.229999999999999760e-01 5.809999999999999609e-01 3.099999999999999978e-01
7.089999999999999636e-01 5.600000000000000533e-01 2.780000000000000249e-01
7.199999999999999734e-01 5.839999999999999636e-01 3.119999999999999996e-01
7.079999999999999627e-01 5.620000000000000551e-01 2.790000000000000258e-01
7.289999999999999813e-01 5.879999999999999671e-01 3.240000000000000102e-01
7.229999999999999760e-01 5.809999999999999609e-01 3.099999999999999978e-01
7.229999999999999760e-01 5.819999999999999618e-01 3.099999999999999978e-01
7.229999999999999760e-01 5.809999999999999609e-01 3.099999999999999978e-01
7.079999999999999627e-01 5.610000000000000542e-01 2.780000000000000249e-01
7.119999999999999662e-01 5.649999999999999467e-01 2.859999999999999765e-01
7.079999999999999627e-01 5.639999999999999458e-01 2.810000000000000275e-01
7.229999999999999760e-01 5.809999999999999609e-01 3.099999999999999978e-01
9.060000000000000275e-01 6.250000000000000000e-01 5.340000000000000302e-01
9.559999999999999609e-01 4.889999999999999902e-01 4.470000000000000084e-01
9.070000000000000284e-01 6.340000000000000080e-01 5.450000000000000400e-01
9.739999999999999769e-01 2.389999999999999902e-01 2.169999999999999984e-01
9.599999999999999645e-01 4.319999999999999951e-01 3.950000000000000178e-01
9.689999999999999725e-01 2.740000000000000213e-01 2.459999999999999964e-01
9.779999999999999805e-01 2.000000000000000111e-01 1.799999999999999933e-01
9.769999999999999796e-01 2.129999999999999949e-01 1.930000000000000049e-01
9.050000000000000266e-01 6.420000000000000151e-01 5.480000000000000426e-01
9.120000000000000329e-01 6.370000000000000107e-01 5.510000000000000453e-01
9.639999999999999680e-01 3.529999999999999805e-01 3.180000000000000049e-01
9.799999999999999822e-01 2.039999999999999869e-01 1.839999999999999969e-01
7.309999999999999831e-01 6.039999999999999813e-01 3.410000000000000253e-01
7.439999999999999947e-01 5.999999999999999778e-01 3.489999999999999769e-01
7.369999999999999885e-01 5.999999999999999778e-01 3.430000000000000271e-01
7.389999999999999902e-01 5.999999999999999778e-01 3.449999999999999734e-01
7.309999999999999831e-01 6.049999999999999822e-01 3.430000000000000271e-01
7.329999999999999849e-01 5.899999999999999689e-01 3.340000000000000191e-01
7.369999999999999885e-01 6.009999999999999787e-01 3.439999999999999725e-01
7.339999999999999858e-01 5.919999999999999707e-01 3.340000000000000191e-01
7.369999999999999885e-01 5.949999999999999734e-01 3.380000000000000226e-01
7.389999999999999902e-01 5.949999999999999734e-01 3.390000000000000235e-01
7.389999999999999902e-01 5.949999999999999734e-01 3.390000000000000235e-01
7.359999999999999876e-01 5.899999999999999689e-01 3.360000000000000209e-01
7.369999999999999885e-01 5.999999999999999778e-01 3.430000000000000271e-01
7.389999999999999902e-01 6.019999999999999796e-01 3.459999999999999742e-01
7.359999999999999876e-01 6.019999999999999796e-01 3.430000000000000271e-01
7.339999999999999858e-01 5.989999999999999769e-01 3.380000000000000226e-01
7.339999999999999858e-01 5.899999999999999689e-01 3.320000000000000173e-01
7.439999999999999947e-01 5.999999999999999778e-01 3.489999999999999769e-01
7.349999999999999867e-01 5.919999999999999707e-01 3.360000000000000209e-01
7.349999999999999867e-01 5.939999999999999725e-01 3.360000000000000209e-01
7.329999999999999849e-01 5.899999999999999689e-01 3.340000000000000191e-01
7.379999999999999893e-01 5.899999999999999689e-01 3.360000000000000209e-01
7.439999999999999947e-01 5.999999999999999778e-01 3.489999999999999769e-01
7.349999999999999867e-01 5.919999999999999707e-01 3.350000000000000200e-01
9.619999999999999662e-01 3.029999999999999916e-01 2.710000000000000187e-01
7.379999999999999893e-01 5.919999999999999707e-01 3.380000000000000226e-01
9.080000000000000293e-01 6.380000000000000115e-01 5.480000000000000426e-01
9.080000000000000293e-01 6.380000000000000115e-01 5.480000000000000426e-01
9.529999999999999583e-01 2.690000000000000169e-01 2.240000000000000047e-01
9.759999999999999787e-01 1.409999999999999865e-01 1.229999999999999982e-01
9.030000000000000249e-01 6.430000000000000160e-01 5.480000000000000426e-01
9.100000000000000311e-01 6.250000000000000000e-01 5.370000000000000329e-01
7.520000000000000018e-01 6.149999999999999911e-01 3.770000000000000018e-01
7.389999999999999902e-01 6.079999999999999849e-01 3.579999999999999849e-01
7.429999999999999938e-01 6.059999999999999831e-01 3.579999999999999849e-01
7.489999999999999991e-01 6.149999999999999911e-01 3.739999999999999991e-01
7.409999999999999920e-01 6.059999999999999831e-01 3.589999999999999858e-01
7.479999999999999982e-01 6.179999999999999938e-01 3.820000000000000062e-01
7.409999999999999920e-01 6.079999999999999849e-01 3.599999999999999867e-01
7.399999999999999911e-01 6.109999999999999876e-01 3.609999999999999876e-01
9.839999999999999858e-01 1.469999999999999918e-01 1.350000000000000089e-01
9.839999999999999858e-01 1.529999999999999971e-01 1.400000000000000133e-01
9.879999999999999893e-01 1.320000000000000062e-01 1.250000000000000000e-01
9.839999999999999858e-01 1.429999999999999882e-01 1.320000000000000062e-01
9.869999999999999885e-01 1.360000000000000098e-01 1.270000000000000018e-01
9.849999999999999867e-01 1.390000000000000124e-01 1.280000000000000027e-01
9.849999999999999867e-01 1.390000000000000124e-01 1.280000000000000027e-01
9.849999999999999867e-01 1.350000000000000089e-01 1.250000000000000000e-01
9.839999999999999858e-01 1.459999999999999909e-01 1.330000000000000071e-01
9.839999999999999858e-01 1.529999999999999971e-01 1.400000000000000133e-01
9.869999999999999885e-01 1.260000000000000009e-01 1.170000000000000068e-01
9.869999999999999885e-01 1.330000000000000071e-01 1.239999999999999991e-01
9.839999999999999858e-01 1.529999999999999971e-01 1.400000000000000133e-01
9.849999999999999867e-01 1.519999999999999962e-01 1.390000000000000124e-01
9.589999999999999636e-01 2.640000000000000124e-01 2.300000000000000100e-01
9.180000000000000382e-01 6.119999999999999885e-01 5.320000000000000284e-01
9.599999999999999645e-01 4.369999999999999996e-01 3.990000000000000213e-01
9.619999999999999662e-01 3.410000000000000253e-01 3.049999999999999933e-01
9.479999999999999538e-01 2.129999999999999949e-01 1.690000000000000113e-01
9.509999999999999565e-01 5.160000000000000142e-01 4.680000000000000271e-01
9.559999999999999609e-01 3.140000000000000013e-01 2.740000000000000213e-01
9.260000000000000453e-01 5.669999999999999485e-01 4.949999999999999956e-01
9.639999999999999680e-01 2.949999999999999845e-01 2.610000000000000098e-01
9.030000000000000249e-01 6.340000000000000080e-01 5.420000000000000373e-01
9.669999999999999707e-01 2.149999999999999967e-01 1.880000000000000004e-01
9.100000000000000311e-01 6.380000000000000115e-01 5.500000000000000444e-01
9.050000000000000266e-01 6.380000000000000115e-01 5.480000000000000426e-01
4.460000000000000075e-01 6.780000000000000471e-01 1.570000000000000007e-01
9.010000000000000231e-01 6.420000000000000151e-01 5.470000000000000417e-01
4.769999999999999796e-01 6.760000000000000453e-01 1.880000000000000004e-01
9.679999999999999716e-01 3.360000000000000209e-01 3.069999999999999951e-01
9.769999999999999796e-01 2.210000000000000020e-01 2.000000000000000111e-01
9.200000000000000400e-01 4.279999999999999916e-01 3.499999999999999778e-01
9.729999999999999760e-01 2.109999999999999931e-01 1.890000000000000013e-01
9.729999999999999760e-01 2.139999999999999958e-01 1.900000000000000022e-01
9.659999999999999698e-01 3.280000000000000138e-01 2.979999999999999871e-01
9.819999999999999840e-01 1.920000000000000040e-01 1.759999999999999898e-01
9.050000000000000266e-01 6.400000000000000133e-01 5.490000000000000435e-01
9.799999999999999822e-01 1.729999999999999871e-01 1.559999999999999998e-01
9.060000000000000275e-01 6.430000000000000160e-01 5.500000000000000444e-01
5.669999999999999485e-01 6.750000000000000444e-01 2.730000000000000204e-01
9.779999999999999805e-01 1.600000000000000033e-01 1.419999999999999873e-01
9.749999999999999778e-01 1.660000000000000087e-01 1.449999999999999900e-01
5.190000000000000169e-01 6.760000000000000453e-01 2.300000000000000100e-01
9.100000000000000311e-01 6.370000000000000107e-01 5.470000000000000417e-01
6.189999999999999947e-01 6.680000000000000382e-01 3.200000000000000067e-01
9.589999999999999636e-01 3.940000000000000169e-01 3.549999999999999822e-01
9.569999999999999618e-01 1.940000000000000058e-01 1.559999999999999998e-01
7.439999999999999947e-01 6.079999999999999849e-01 3.629999999999999893e-01
9.759999999999999787e-01 1.439999999999999891e-01 1.270000000000000018e-01
9.869999999999999885e-01 1.219999999999999973e-01 1.110000000000000014e-01
7.349999999999999867e-01 6.159999999999999920e-01 3.619999999999999885e-01
7.469999999999999973e-01 6.179999999999999938e-01 3.800000000000000044e-01
7.389999999999999902e-01 6.079999999999999849e-01 3.579999999999999849e-01
9.779999999999999805e-01 1.429999999999999882e-01 1.260000000000000009e-01
9.629999999999999671e-01 3.170000000000000040e-01 2.810000000000000275e-01
9.669999999999999707e-01 2.690000000000000169e-01 2.399999999999999911e-01
9.849999999999999867e-01 1.310000000000000053e-01 1.189999999999999947e-01
7.329999999999999849e-01 6.049999999999999822e-01 3.469999999999999751e-01
7.339999999999999858e-01 6.029999999999999805e-01 3.420000000000000262e-01
7.409999999999999920e-01 5.999999999999999778e-01 3.469999999999999751e-01
7.139999999999999680e-01 5.819999999999999618e-01 3.009999999999999898e-01
7.389999999999999902e-01 6.049999999999999822e-01 3.509999999999999787e-01
7.389999999999999902e-01 5.969999999999999751e-01 3.410000000000000253e-01
7.500000000000000000e-01 6.109999999999999876e-01 3.709999999999999964e-01
9.070000000000000284e-01 6.400000000000000133e-01 5.490000000000000435e-01
9.050000000000000266e-01 6.410000000000000142e-01 5.490000000000000435e-01
9.060000000000000275e-01 6.380000000000000115e-01 5.460000000000000409e-01
9.030000000000000249e-01 6.350000000000000089e-01 5.420000000000000373e-01
9.050000000000000266e-01 6.340000000000000080e-01 5.430000000000000382e-01
9.040000000000000258e-01 6.350000000000000089e-01 5.420000000000000373e-01
9.100000000000000311e-01 6.370000000000000107e-01 5.490000000000000435e-01
9.759999999999999787e-01 1.580000000000000016e-01 1.390000000000000124e-01
9.659999999999999698e-01 3.439999999999999725e-01 3.119999999999999996e-01
9.719999999999999751e-01 1.489999999999999936e-01 1.270000000000000018e-01
9.719999999999999751e-01 1.489999999999999936e-01 1.270000000000000018e-01
9.859999999999999876e-01 1.419999999999999873e-01 1.310000000000000053e-01
9.889999999999999902e-01 1.300000000000000044e-01 1.229999999999999982e-01
9.799999999999999822e-01 1.869999999999999996e-01 1.700000000000000122e-01
9.879999999999999893e-01 1.199999999999999956e-01 1.089999999999999997e-01
9.889999999999999902e-01 1.110000000000000014e-01 1.029999999999999943e-01
9.879999999999999893e-01 1.199999999999999956e-01 1.089999999999999997e-01
9.799999999999999822e-01 1.419999999999999873e-01 1.270000000000000018e-01
9.020000000000000240e-01 6.350000000000000089e-01 5.420000000000000373e-01
9.060000000000000275e-01 6.350000000000000089e-01 5.420000000000000373e-01
9.040000000000000258e-01 6.350000000000000089e-01 5.430000000000000382e-01
9.599999999999999645e-01 3.449999999999999734e-01 3.099999999999999978e-01
9.819999999999999840e-01 1.390000000000000124e-01 1.250000000000000000e-01
9.499999999999999556e-01 5.150000000000000133e-01 4.670000000000000262e-01
9.130000000000000338e-01 6.189999999999999947e-01 5.340000000000000302e-01
9.639999999999999680e-01 2.889999999999999791e-01 2.550000000000000044e-01
9.489999999999999547e-01 5.320000000000000284e-01 4.829999999999999849e-01
9.799999999999999822e-01 1.950000000000000067e-01 1.779999999999999916e-01
9.589999999999999636e-01 4.839999999999999858e-01 4.460000000000000075e-01
9.090000000000000302e-01 6.260000000000000009e-01 5.370000000000000329e-01
9.729999999999999760e-01 2.710000000000000187e-01 2.489999999999999991e-01
9.060000000000000275e-01 6.330000000000000071e-01 5.430000000000000382e-01
9.060000000000000275e-01 6.340000000000000080e-01 5.450000000000000400e-01
9.060000000000000275e-01 6.410000000000000142e-01 5.500000000000000444e-01
9.439999999999999503e-01 3.589999999999999858e-01 3.039999999999999925e-01
9.739999999999999769e-01 2.169999999999999984e-01 1.940000000000000058e-01
9.659999999999999698e-01 2.109999999999999931e-01 1.819999999999999951e-01
9.709999999999999742e-01 2.600000000000000089e-01 2.320000000000000118e-01
9.579999999999999627e-01 4.570000000000000173e-01 4.179999999999999827e-01
9.779999999999999805e-01 1.880000000000000004e-01 1.690000000000000113e-01
9.809999999999999831e-01 1.779999999999999916e-01 1.620000000000000051e-01
9.729999999999999760e-01 1.849999999999999978e-01 1.620000000000000051e-01
9.789999999999999813e-01 1.869999999999999996e-01 1.700000000000000122e-01
9.429999999999999494e-01 4.490000000000000102e-01 3.970000000000000195e-01
9.769999999999999796e-01 2.119999999999999940e-01 1.920000000000000040e-01
9.709999999999999742e-01 2.510000000000000009e-01 2.270000000000000073e-01
9.649999999999999689e-01 3.270000000000000129e-01 2.939999999999999836e-01
7.429999999999999938e-01 6.019999999999999796e-01 3.509999999999999787e-01
7.449999999999999956e-01 6.079999999999999849e-01 3.639999999999999902e-01
7.489999999999999991e-01 6.029999999999999805e-01 3.569999999999999840e-01
6.620000000000000329e-01 6.640000000000000346e-01 3.529999999999999805e-01
6.079999999999999849e-01 6.710000000000000409e-01 3.119999999999999996e-01
9.110000000000000320e-01 6.370000000000000107e-01 5.520000000000000462e-01
9.100000000000000311e-01 6.260000000000000009e-01 5.380000000000000338e-01
6.939999999999999503e-01 6.610000000000000320e-01 3.800000000000000044e-01
9.090000000000000302e-01 6.360000000000000098e-01 5.470000000000000417e-01
6.999999999999999556e-01 6.590000000000000302e-01 3.830000000000000071e-01
6.370000000000000107e-01 6.670000000000000373e-01 3.310000000000000164e-01
9.869999999999999885e-01 1.419999999999999873e-01 1.320000000000000062e-01
9.599999999999999645e-01 4.510000000000000120e-01 4.139999999999999791e-01
9.759999999999999787e-01 2.320000000000000118e-01 2.109999999999999931e-01
9.859999999999999876e-01 1.439999999999999891e-01 1.340000000000000080e-01
9.739999999999999769e-01 2.389999999999999902e-01 2.169999999999999984e-01
9.859999999999999876e-01 1.459999999999999909e-01 1.360000000000000098e-01
9.030000000000000249e-01 6.410000000000000142e-01 5.470000000000000417e-01
9.789999999999999813e-01 1.980000000000000093e-01 1.779999999999999916e-01
9.379999999999999449e-01 4.729999999999999760e-01 4.129999999999999782e-01
9.479999999999999538e-01 5.420000000000000373e-01 4.909999999999999920e-01
9.819999999999999840e-01 1.539999999999999980e-01 1.400000000000000133e-01
