6.129999999999999893e-01 5.889999999999999680e-01 3.370000000000000218e-01
6.350000000000000089e-01 5.819999999999999618e-01 3.469999999999999751e-01
6.129999999999999893e-01 5.879999999999999671e-01 3.350000000000000200e-01
6.280000000000000027e-01 5.839999999999999636e-01 3.420000000000000262e-01
6.270000000000000018e-01 5.859999999999999654e-01 3.420000000000000262e-01
6.710000000000000409e-01 3.049999999999999933e-01 1.990000000000000102e-01
6.710000000000000409e-01 2.959999999999999853e-01 1.960000000000000075e-01
5.570000000000000506e-01 6.029999999999999805e-01 3.140000000000000013e-01
4.329999999999999960e-01 6.209999999999999964e-01 2.469999999999999973e-01
5.020000000000000018e-01 6.119999999999999885e-01 2.849999999999999756e-01
4.719999999999999751e-01 6.169999999999999929e-01 2.640000000000000124e-01
4.540000000000000147e-01 6.169999999999999929e-01 2.540000000000000036e-01
6.149999999999999911e-01 5.839999999999999636e-01 3.340000000000000191e-01
5.929999999999999716e-01 5.919999999999999707e-01 3.310000000000000164e-01
6.159999999999999920e-01 5.879999999999999671e-01 3.360000000000000209e-01
5.639999999999999458e-01 5.989999999999999769e-01 3.160000000000000031e-01
6.560000000000000275e-01 4.640000000000000235e-01 2.879999999999999782e-01
6.500000000000000222e-01 5.799999999999999600e-01 3.509999999999999787e-01
6.530000000000000249e-01 5.849999999999999645e-01 3.559999999999999831e-01
6.770000000000000462e-01 4.969999999999999973e-01 3.180000000000000049e-01
6.810000000000000497e-01 3.920000000000000151e-01 2.540000000000000036e-01
6.350000000000000089e-01 5.859999999999999654e-01 3.489999999999999769e-01
6.730000000000000426e-01 4.689999999999999725e-01 2.979999999999999871e-01
5.160000000000000142e-01 6.119999999999999885e-01 2.929999999999999827e-01
6.820000000000000506e-01 5.629999999999999449e-01 3.589999999999999858e-01
6.909999999999999476e-01 3.390000000000000235e-01 2.300000000000000100e-01
6.810000000000000497e-01 4.869999999999999885e-01 3.140000000000000013e-01
6.830000000000000515e-01 4.939999999999999947e-01 3.190000000000000058e-01
6.790000000000000480e-01 5.610000000000000542e-01 3.559999999999999831e-01
6.830000000000000515e-01 5.639999999999999458e-01 3.599999999999999867e-01
6.530000000000000249e-01 5.829999999999999627e-01 3.559999999999999831e-01
6.710000000000000409e-01 5.590000000000000524e-01 3.499999999999999778e-01
6.760000000000000453e-01 4.799999999999999822e-01 3.089999999999999969e-01
6.610000000000000320e-01 5.799999999999999600e-01 3.599999999999999867e-01
6.730000000000000426e-01 4.719999999999999751e-01 2.999999999999999889e-01
6.610000000000000320e-01 5.789999999999999591e-01 3.589999999999999858e-01
6.670000000000000373e-01 4.709999999999999742e-01 2.989999999999999880e-01
6.720000000000000417e-01 5.600000000000000533e-01 3.509999999999999787e-01
6.670000000000000373e-01 5.779999999999999583e-01 3.629999999999999893e-01
6.670000000000000373e-01 5.530000000000000471e-01 3.459999999999999742e-01
6.620000000000000329e-01 5.779999999999999583e-01 3.589999999999999858e-01
6.660000000000000364e-01 4.640000000000000235e-01 2.929999999999999827e-01
6.660000000000000364e-01 2.770000000000000240e-01 1.829999999999999960e-01
6.640000000000000346e-01 2.290000000000000091e-01 1.499999999999999944e-01
6.720000000000000417e-01 2.839999999999999747e-01 1.890000000000000013e-01
6.570000000000000284e-01 2.690000000000000169e-01 1.739999999999999880e-01
6.540000000000000258e-01 2.399999999999999911e-01 1.549999999999999989e-01
6.540000000000000258e-01 2.340000000000000135e-01 1.499999999999999944e-01
6.660000000000000364e-01 2.640000000000000124e-01 1.739999999999999880e-01
6.530000000000000249e-01 2.399999999999999911e-01 1.549999999999999989e-01
6.710000000000000409e-01 2.630000000000000115e-01 1.739999999999999880e-01
6.670000000000000373e-01 2.660000000000000142e-01 1.759999999999999898e-01
6.560000000000000275e-01 2.939999999999999836e-01 1.910000000000000031e-01
6.630000000000000338e-01 2.670000000000000151e-01 1.749999999999999889e-01
6.700000000000000400e-01 2.660000000000000142e-01 1.759999999999999898e-01
6.620000000000000329e-01 2.969999999999999862e-01 1.950000000000000067e-01
6.420000000000000151e-01 4.229999999999999871e-01 2.620000000000000107e-01
6.430000000000000160e-01 5.450000000000000400e-01 3.270000000000000129e-01
6.430000000000000160e-01 5.450000000000000400e-01 3.270000000000000129e-01
6.290000000000000036e-01 5.090000000000000080e-01 2.989999999999999880e-01
6.420000000000000151e-01 4.229999999999999871e-01 2.620000000000000107e-01
6.360000000000000098e-01 5.769999999999999574e-01 3.449999999999999734e-01
6.380000000000000115e-01 4.060000000000000275e-01 2.500000000000000000e-01
6.530000000000000249e-01 5.500000000000000444e-01 3.360000000000000209e-01
6.500000000000000222e-01 5.500000000000000444e-01 3.340000000000000191e-01
6.520000000000000240e-01 5.520000000000000462e-01 3.350000000000000200e-01
6.610000000000000320e-01 3.569999999999999840e-01 2.320000000000000118e-01
6.760000000000000453e-01 2.889999999999999791e-01 1.920000000000000040e-01
6.730000000000000426e-01 3.160000000000000031e-01 2.059999999999999887e-01
6.320000000000000062e-01 5.859999999999999654e-01 3.459999999999999742e-01
6.780000000000000471e-01 2.929999999999999827e-01 1.950000000000000067e-01
6.720000000000000417e-01 3.200000000000000067e-01 2.089999999999999913e-01
6.400000000000000133e-01 5.849999999999999645e-01 3.499999999999999778e-01
6.700000000000000400e-01 3.860000000000000098e-01 2.489999999999999991e-01
6.670000000000000373e-01 2.839999999999999747e-01 1.890000000000000013e-01
6.670000000000000373e-01 3.780000000000000027e-01 2.459999999999999964e-01
6.700000000000000400e-01 3.780000000000000027e-01 2.459999999999999964e-01
6.620000000000000329e-01 3.669999999999999929e-01 2.389999999999999902e-01
6.720000000000000417e-01 2.999999999999999889e-01 1.970000000000000084e-01
6.670000000000000373e-01 3.260000000000000120e-01 2.139999999999999958e-01
6.740000000000000435e-01 3.079999999999999960e-01 2.010000000000000120e-01
6.750000000000000444e-01 3.150000000000000022e-01 2.059999999999999887e-01
6.470000000000000195e-01 3.160000000000000031e-01 2.010000000000000120e-01
6.660000000000000364e-01 3.059999999999999942e-01 1.990000000000000102e-01
6.520000000000000240e-01 3.200000000000000067e-01 2.039999999999999869e-01
6.660000000000000364e-01 2.829999999999999738e-01 1.880000000000000004e-01
